Each culprit comes down to cost using all 7 potential operations.

Number Cost Culprit 
1      1    1
2      2    2
3      3    3
4      4    4
5      5    5
6      6    6
7      7    7
8      8    8
9      9    9
10     10   10
11     11   11
12     10   3*4
13     10   F(6)
14     11   S(13)
15     11   3*5
16     10   2^4
17     11   S(16)
18     12   3*6
19     12   10011
20     12   4*5
21     11   F(7)
22     12   S(21)
23     12   10111
24     12   11000
25     11   5^2       
26     11   P(27)
27     10   3^3
28     11   S(27)
29     12   S(28)
30     12   11110
31     12   11111
32     11   2^5
33     12   S(32)
34     12   F(8)
35     13   S(34)
36     12   6^2
37     13   S(36)
38     13   100110
39     13   100111
40     13   101000
41     13   101001
42     13   101010
43     13   101011
44     13   101100
45     13   101101    
46     13   101110
47     13   101111
48     13   110000
49     13   7^2
50     13   110010
51     13   110011
52     13   110100
53     13   110101
54     13   110110
55     13   F(9)
56     13   111000
57     13   111001    
58     13   111010
59     13   111011
60     13   111100
61     13   111101
62     13   111110
63     12   P(64)
64     11   4^3
65     12   S(64)
66     13   S(65)
67     14   S(66)
68     14   1000100
69     14   1000101
70     14   1000110
71     14   1000111
72     14   1001000
73     14   1001001
74     14   1001010   
75     14   1001011
76     14   1001100
77     14   1001101
78     14   1001110
79     13   P(80)
80     12   P(81)
81     11   3^4
82     12   S(81)
83     13   S(82)
84     14   S(83)
85     14   1010101
86     14   1010110
87     14   1010111
88     14   1011000
89     14   F(10)
90     14   1011010
91     14   1011011
92     14   1011100
93     14   1011101
94     14   1011110
95     14   1011111   
96     14   1100000
97     14   1100001
98     14   1100010
99     14   1100011
100    14   1100100
101    14   1100101
102    14   1100110
103    14   1100111
104    14   1101000
105    14   1101001
106    14   1101010
107    14   1101011
108    14   1101100
109    14   1101101
110    14   1101110
111    14   1101111
112    14   1110000
113    14   1110001
114    14   1110010
115    14   1110011
116    14   1110100
117    14   1110101
118    14   1110110
119    14   1110111
120    14   1111000
121    14   1111001
122    14   1111010
123    14   1111011
124    13   P(125)
125    12   5^3
126    13   S(125)
127    14   S(126)
128    13   2^7
129    14   S(128)
130    15   S(129)
131    15   10000011
132    15   10000100  
133    15   10000101
134    15   10000110
135    15   10000111
136    15   10001000
137    15   10001001
138    15   10001010
139    15   10001011
140    15   10001100
141    15   10001101
142    15   10001110
143    15   10001111
144    15   F(11)
145    15   10010001
146    15   10010010
147    15   10010011
148    15   10010100
149    15   10010101
150    15   10010110
151    15   10010111
152    15   10011000
153    15   10011001
154    15   10011010
155    15   10011011
156    15   10011100
157    15   10011101  
158    15   10011110
159    15   10011111
160    15   10100000
161    15   10100001
162    15   10100010
163    15   10100011
164    15   10100100
165    15   10100101
166    15   10100110
167    15   10100111
168    15   10101000
169    15   10101001
170    15   10101010
171    15   10101011
172    15   10101100
173    15   10101101
174    15   10101110
175    15   10101111
176    15   10110000  
177    15   10110001
178    15   10110010
179    15   10110011
180    15   10110100
181    15   10110101
182    15   10110110
183    15   10110111
184    15   10111000
185    15   10111001
186    15   10111010
187    15   10111011
188    15   10111100
189    15   10111101
190    15   10111110
191    15   10111111
192    15   11000000
193    15   11000001
194    15   11000010  
195    15   11000011
196    15   11000100  
197    15   11000101
198    15   11000110
199    15   11000111
200    15   11001000
201    15   11001001
202    15   11001010
203    15   11001011
204    15   11001100
205    15   11001101
206    15   11001110
207    15   11001111
208    15   11010000
209    15   11010001
210    15   11010010
211    15   11010011
212    15   11010100
213    15   11010101
214    15   11010110
215    14   P(216)    
216    13   6^3
217    14   S(216)
218    15   S(217)
219    15   11011011
220    15   11011100
221    15   11011101
222    15   11011110
223    15   11011111
224    15   11100000
225    15   11100001
226    15   11100010
227    15   11100011
228    15   11100100
229    15   11100101
230    15   11100110
231    15   11100111
232    15   11101000
233    14   F(12)
234    15   S(233)
235    15   11101011
236    15   11101100
237    15   11101101
238    15   11101110
239    15   11101111
240    15   11110000  
241    14   P(242)
242    13   P(243)
243    12   3^5
244    13   S(243)
245    14   S(244)
246    15   S(245)
247    15   11110111
248    15   11111000
249    15   11111001
250    15   11111010
251    15   11111011
252    15   11111100
253    15   11111101
254    14   P(255)
255    13   P(256)
256    12   4^4
257    13   S(256)
258    14   S(257)
259    15   S(258)
260    16   S(259)
261    16   100000101
262    16   100000110
263    16   100000111
264    16   100001000
265    16   100001001
266    16   100001010
267    16   100001011
268    16   100001100
269    16   100001101
270    16   100001110
271    16   100001111
272    16   100010000
273    16   100010001
274    16   100010010
275    16   100010011
276    16   100010100
277    16   100010101
278    16   100010110
279    16   100010111
280    16   100011000
281    16   100011001
282    16   100011010
283    16   100011011 
284    16   100011100
285    16   100011101
286    16   100011110
287    16   100011111
288    16   100100000
289    16   100100001
290    16   100100010
291    16   100100011
292    16   100100100
293    16   100100101
294    16   100100110
295    16   100100111
296    16   100101000
297    16   100101001
298    16   100101010
299    16   100101011
300    16   100101100
301    16   100101101
302    16   100101110
303    16   100101111
304    16   100110000
305    16   100110001
306    16   100110010
307    16   100110011
308    16   100110100
309    16   100110101
310    16   100110110
311    16   100110111
312    16   100111000
313    16   100111001
314    16   100111010
315    16   100111011
316    16   100111100
317    16   100111101
318    16   100111110
319    16   100111111
320    16   101000000
321    16   101000001
322    16   101000010
323    16   101000011
324    16   101000100
325    16   101000101
326    16   101000110
327    16   101000111
328    16   101001000
329    16   101001001
330    16   101001010 
331    16   101001011
332    16   101001100
333    16   101001101
334    16   101001110
335    16   101001111
336    16   101010000
337    16   101010001
338    16   101010010 
339    16   101010011
340    16   101010100
341    16   101010101
342    15   P(343)
343    14   7^3
344    15   S(343)
345    16   S(344)
346    16   101011010
347    16   101011011
348    16   101011100
349    16   101011101
350    16   101011110
351    16   101011111
352    16   101100000
353    16   101100001
354    16   101100010
355    16   101100011
356    16   101100100
357    16   101100101
358    16   101100110
359    16   101100111
360    16   101101000
361    16   101101001
362    16   101101010
363    16   101101011 
364    16   101101100
365    16   101101101
366    16   101101110
367    16   101101111
368    16   101110000
369    16   101110001
370    16   101110010
371    16   101110011
372    16   101110100
373    16   101110101
374    16   101110110
375    16   101110111
376    15   P(377)
377    14   F(13)
378    15   S(377)
379    16   S(378)
380    16   101111100
381    16   101111101
382    16   101111110
383    16   101111111
384    16   110000000
385    16   110000001
386    16   110000010
387    16   110000011
388    16   110000100
389    16   110000101
390    16   110000110
391    16   110000111
392    16   110001000
393    16   110001001
394    16   110001010
395    16   110001011
396    16   110001100
397    16   110001101
398    16   110001110
399    16   110001111
400    16   110010000
401    16   110010001
402    16   110010010
403    16   110010011
404    16   110010100
405    16   110010101
406    16   110010110
407    16   110010111
408    16   110011000
409    16   110011001
410    16   110011010
411    16   110011011
412    16   110011100
413    16   110011101
414    16   110011110
415    16   110011111
416    16   110100000
417    16   110100001
418    16   110100010
419    16   110100011 
420    16   110100100
421    16   110100101
422    16   110100110
423    16   110100111
424    16   110101000
425    16   110101001
426    16   110101010
427    16   110101011
428    16   110101100
429    16   110101101
430    16   110101110
431    16   110101111
432    16   110110000
433    16   110110001
434    16   110110010
435    16   110110011
436    16   110110100
437    16   110110101
438    16   110110110
439    16   110110111
440    16   110111000
441    16   110111001
442    16   110111010
443    16   110111011
444    16   110111100 
445    16   110111101
446    16   110111110
447    16   110111111
448    16   111000000
449    16   111000001
450    16   111000010
451    16   111000011
452    16   111000100
453    16   111000101
454    16   111000110
455    16   111000111
456    16   111001000
457    16   111001001
458    16   111001010
459    16   111001011
460    16   111001100
461    16   111001101 
462    16   111001110
463    16   111001111
464    16   111010000
465    16   111010001
466    16   111010010
467    16   111010011
468    16   111010100
469    16   111010101
470    16   111010110
471    16   111010111
472    16   111011000
473    16   111011001
474    16   111011010
475    16   111011011
476    16   111011100
477    16   111011101
478    16   111011110
479    16   111011111
480    16   111100000
481    16   111100001
482    16   111100010
483    16   111100011
484    16   111100100
485    16   111100101
486    16   111100110
487    16   111100111
488    16   111101000
489    16   111101001
490    16   111101010
491    16   111101011
492    16   111101100
493    16   111101101
494    16   111101110
495    16   111101111
496    16   111110000
497    16   111110001
498    16   111110010
499    16   111110011
500    16   111110100
501    16   111110101
502    16   111110110
503    16   111110111
504    16   111111000
505    16   111111001 
506    16   111111010
507    16   111111011
508    16   111111100
509    16   111111101
510    16   111111110
511    16   111111111
512    15   2^9
513    16   S(512)
514    17   S(513)
515    17   1000000011
516    17   1000000100
517    17   1000000101
518    17   1000000110
519    17   1000000111
520    17   1000001000
521    17   1000001001
522    17   1000001010
523    17   1000001011
524    17   1000001100
525    17   1000001101
526    17   1000001110
527    17   1000001111
528    17   1000010000
529    17   1000010001
530    17   1000010010
531    17   1000010011
532    17   1000010100
533    17   1000010101
534    17   1000010110
535    17   1000010111
536    17   1000011000
537    17   1000011001
538    17   1000011010
539    17   1000011011
540    17   1000011100
541    17   1000011101
542    17   1000011110
543    17   1000011111
544    17   1000100000
545    17   1000100001
546    17   1000100010
547    17   1000100011
548    17   1000100100
549    17   1000100101
550    17   1000100110
551    17   1000100111
552    17   1000101000
553    17   1000101001
554    17   1000101010
555    17   1000101011
556    17   1000101100
557    17   1000101101
558    17   1000101110
559    17   1000101111
560    17   1000110000
561    17   1000110001
562    17   1000110010
563    17   1000110011
564    17   1000110100
565    17   1000110101
566    17   1000110110
567    17   1000110111
568    17   1000111000
569    17   1000111001
570    17   1000111010
571    17   1000111011
572    17   1000111100
573    17   1000111101
574    17   1000111110
575    17   1000111111
576    17   1001000000
577    17   1001000001
578    17   1001000010
579    17   1001000011
580    17   1001000100
581    17   1001000101
582    17   1001000110
583    17   1001000111
584    17   1001001000
585    17   1001001001
586    17   1001001010
587    17   1001001011
588    17   1001001100
589    17   1001001101
590    17   1001001110
591    17   1001001111
592    17   1001010000
593    17   1001010001
594    17   1001010010
595    17   1001010011
596    17   1001010100
597    17   1001010101
598    17   1001010110
599    17   1001010111
600    17   1001011000
601    17   1001011001
602    17   1001011010
603    17   1001011011
604    17   1001011100
605    17   1001011101
606    17   1001011110
607    17   1001011111
608    17   1001100000
609    16   P(610)
610    15   F(14)
611    16   S(610)
612    17   S(611)
613    17   1001100101
614    17   1001100110
615    17   1001100111
616    17   1001101000
617    17   1001101001
618    17   1001101010
619    17   1001101011
620    17   1001101100
621    17   1001101101
622    16   P(623)
623    15   P(624)
624    14   P(625)
625    13   5^4
626    14   S(625)
627    15   S(626)
628    16   S(627)
629    17   S(628)
630    17   1001110110
631    17   1001110111
632    17   1001111000
633    17   1001111001
634    17   1001111010
635    17   1001111011
636    17   1001111100
637    17   1001111101
638    17   1001111110
639    17   1001111111
640    17   1010000000
641    17   1010000001
642    17   1010000010
643    17   1010000011
644    17   1010000100
645    17   1010000101
646    17   1010000110
647    17   1010000111
648    17   1010001000
649    17   1010001001
650    17   1010001010
651    17   1010001011
652    17   1010001100
653    17   1010001101
654    17   1010001110
655    17   1010001111
656    17   1010010000
657    17   1010010001
658    17   1010010010
659    17   1010010011
660    17   1010010100
661    17   1010010101
662    17   1010010110
663    17   1010010111
664    17   1010011000
665    17   1010011001
666    17   1010011010
667    17   1010011011
668    17   1010011100
669    17   1010011101
670    17   1010011110
671    17   1010011111
672    17   1010100000
673    17   1010100001
674    17   1010100010
675    17   1010100011
676    17   26^2
677    17   1010100101
678    17   1010100110
679    17   1010100111
680    17   1010101000
681    17   1010101001
682    17   1010101010
683    17   1010101011
684    17   1010101100
685    17   1010101101
686    17   1010101110
687    17   1010101111
688    17   1010110000
689    17   1010110001
690    17   1010110010
691    17   1010110011
692    17   1010110100
693    17   1010110101
694    17   1010110110
695    17   1010110111
696    17   1010111000
697    17   1010111001
698    17   1010111010
699    17   1010111011
700    17   1010111100
701    17   1010111101
702    17   1010111110
703    17   1010111111
704    17   1011000000
705    17   1011000001
706    17   1011000010
707    17   1011000011
708    17   1011000100
709    17   1011000101
710    17   1011000110
711    17   1011000111
712    17   1011001000
713    17   1011001001
714    17   1011001010
715    17   1011001011
716    17   1011001100
717    17   1011001101
718    17   1011001110
719    17   1011001111
720    17   1011010000
721    17   1011010001
722    17   1011010010
723    17   1011010011
724    17   1011010100
725    17   1011010101
726    16   P(727)
727    15   P(728)
728    14   P(729)
729    13   3^6
730    14   S(729)
731    15   S(730)
732    16   S(731)
733    17   S(732)
734    17   1011011110
735    17   1011011111
736    17   1011100000
737    17   1011100001
738    17   1011100010
739    17   1011100011
740    17   1011100100
741    17   1011100101
742    17   1011100110
743    17   1011100111
744    17   1011101000
745    17   1011101001
746    17   1011101010
747    17   1011101011
748    17   1011101100
749    17   1011101101
750    17   1011101110
751    17   1011101111
752    17   1011110000
753    17   1011110001
754    17   1011110010
755    17   1011110011
756    17   1011110100
757    17   1011110101
758    17   1011110110
759    17   1011110111
760    17   1011111000
761    17   1011111001
762    17   1011111010
763    17   1011111011
764    17   1011111100
765    17   1011111101
766    17   1011111110
767    17   1011111111
768    17   1100000000
769    17   1100000001
770    17   1100000010
771    17   1100000011
772    17   1100000100
773    17   1100000101
774    17   1100000110
775    17   1100000111
776    17   1100001000
777    17   1100001001
778    17   1100001010
779    17   1100001011
780    17   1100001100
781    17   1100001101
782    17   1100001110
783    17   1100001111
784    17   28^2
785    17   1100010001
786    17   1100010010
787    17   1100010011
788    17   1100010100
789    17   1100010101
790    17   1100010110
791    17   1100010111
792    17   1100011000
793    17   1100011001
794    17   1100011010
795    17   1100011011
796    17   1100011100
797    17   1100011101
798    17   1100011110
799    17   1100011111
800    17   1100100000
801    17   1100100001
802    17   1100100010
803    17   1100100011
804    17   1100100100
805    17   1100100101
806    17   1100100110
807    17   1100100111
808    17   1100101000
809    17   1100101001
810    17   1100101010
811    17   1100101011
812    17   1100101100
813    17   1100101101
814    17   1100101110
815    17   1100101111
816    17   1100110000
817    17   1100110001
818    17   1100110010
819    17   1100110011
820    17   1100110100
821    17   1100110101
822    17   1100110110
823    17   1100110111
824    17   1100111000
825    17   1100111001
826    17   1100111010
827    17   1100111011
828    17   1100111100
829    17   1100111101
830    17   1100111110
831    17   1100111111
832    17   1101000000
833    17   1101000001
834    17   1101000010
835    17   1101000011
836    17   1101000100
837    17   1101000101
838    17   1101000110
839    17   1101000111
840    17   1101001000
841    17   1101001001
842    17   1101001010
843    17   1101001011
844    17   1101001100
845    17   1101001101
846    17   1101001110
847    17   1101001111
848    17   1101010000
849    17   1101010001
850    17   1101010010
851    17   1101010011
852    17   1101010100
853    17   1101010101
854    17   1101010110
855    17   1101010111
856    17   1101011000
857    17   1101011001
858    17   1101011010
859    17   1101011011
860    17   1101011100
861    17   1101011101
862    17   1101011110
863    17   1101011111
864    17   1101100000
865    17   1101100001
866    17   1101100010
867    17   1101100011
868    17   1101100100
869    17   1101100101
870    17   1101100110
871    17   1101100111
872    17   1101101000
873    17   1101101001
874    17   1101101010
875    17   1101101011
876    17   1101101100
877    17   1101101101
878    17   1101101110
879    17   1101101111
880    17   1101110000
881    17   1101110001
882    17   1101110010
883    17   1101110011
884    17   1101110100
885    17   1101110101
886    17   1101110110
887    17   1101110111
888    17   1101111000
889    17   1101111001
890    17   1101111010
891    17   1101111011
892    17   1101111100
893    17   1101111101
894    17   1101111110
895    17   1101111111
896    17   1110000000
897    17   1110000001
898    17   1110000010
899    17   1110000011
900    17   1110000100
901    17   1110000101
902    17   1110000110
903    17   1110000111
904    17   1110001000
905    17   1110001001
906    17   1110001010
907    17   1110001011
908    17   1110001100
909    17   1110001101
910    17   1110001110
911    17   1110001111
912    17   1110010000
913    17   1110010001
914    17   1110010010
915    17   1110010011
916    17   1110010100
917    17   1110010101
918    17   1110010110
919    17   1110010111
920    17   1110011000
921    17   1110011001
922    17   1110011010
923    17   1110011011
924    17   1110011100
925    17   1110011101
926    17   1110011110
927    17   1110011111
928    17   1110100000
929    17   1110100001
930    17   1110100010
931    17   1110100011
932    17   1110100100
933    17   1110100101
934    17   1110100110
935    17   1110100111
936    17   1110101000
937    17   1110101001
938    17   1110101010
939    17   1110101011
940    17   1110101100
941    17   1110101101
942    17   1110101110
943    17   1110101111
944    17   1110110000
945    17   1110110001
946    17   1110110010
947    17   1110110011
948    17   1110110100
949    17   1110110101
950    17   1110110110
951    17   1110110111
952    17   1110111000
953    17   1110111001
954    17   1110111010
955    17   1110111011
956    17   1110111100
957    17   1110111101
958    17   1110111110
959    17   1110111111
960    17   1111000000
961    17   1111000001
962    17   1111000010
963    17   1111000011
964    17   1111000100
965    17   1111000101
966    17   1111000110
967    17   1111000111
968    17   1111001000
969    17   1111001001
970    17   1111001010
971    17   1111001011
972    17   1111001100
973    17   1111001101
974    17   1111001110
975    17   1111001111
976    17   1111010000
977    17   1111010001
978    17   1111010010
979    17   1111010011
980    17   1111010100
981    17   1111010101
982    17   1111010110
983    17   1111010111
984    17   1111011000
985    17   1111011001
986    16   P(987)
987    15   F(15)
988    16   S(987)
989    17   S(988)
990    17   1111011110
991    17   1111011111
992    17   1111100000
993    17   1111100001
994    17   1111100010
995    17   1111100011
996    17   1111100100
997    17   1111100101
998    17   1111100110
999    17   1111100111
1000   17   10^3
